-37.951973	144.368273
-37.915112	144.378189
-37.904957	144.291536
-37.963388	144.459146
-37.838924	144.345625
-37.849375	144.326555
-37.950341	144.368653
-37.94966	144.367257
-37.964861	144.458077
-37.963814	144.45689
-37.86334	144.342411
-37.899285	144.307428
-37.903138	144.292137
-37.915292	144.378197
-37.901292	144.287279
-37.90423	144.291731
-37.849188	144.326774
-37.945732	144.42214
-37.838403	144.34492
-37.950959	144.365951
-37.900352	144.307931
-37.890891	144.387084
-37.965907	144.459264
-37.901832	144.287303
-37.889226	144.388599
-37.914758	144.377945
-37.93238	144.447454
-37.848571	144.329473
-37.840755	144.344572
-37.83839	144.345373
-37.904578	144.292201
-37.837844	144.345576
-37.849355	144.327236
-37.901974	144.288674
-37.946879	144.426061
-37.889252	144.387691
-37.88722	144.389417
-37.964707	144.45716
-37.905638	144.292931
-37.904609	144.291066
-37.943605	144.371076
-37.839116	144.345179
-37.88668	144.376888
-37.963488	144.455737
-37.966473	144.458381
-37.966327	144.457236
-37.887934	144.389677
-37.862781	144.343068
-37.965174	144.459685
-37.901582	144.289794
-37.863359	144.34173
-37.964507	144.457833
-37.887046	144.376677
-37.837169	144.343955
-37.904514	144.294472
-37.915118	144.377962
-37.83947	144.345422
-37.862954	144.343303
-37.863674	144.343335
-37.945833	144.424875
-37.90281	144.290985
-37.964534	144.456924
-37.8874	144.389425
-37.901762	144.289802
-37.913204	144.3756
-37.889386	144.376784
-37.96616	144.456773
-37.88798	144.388088
-37.963855	144.455527
-37.962641	144.460021
-37.887947	144.389223
-37.864979	144.341804
-37.900179	144.307695
-37.962841	144.459348
-37.96596	144.457446
-37.838416	144.344466
-37.848411	144.328784
-37.951139	144.365959
-37.891712	144.377345
-37.889399	144.388835
-37.962521	144.457967
-37.849201	144.32632
-37.95234	144.368062
-37.88814	144.388777
-37.96534	144.460148
-37.864754	144.343384
-37.84913	144.328817
-37.88578	144.376847
-37.902128	144.289591
-37.951241	144.368694
-37.838217	144.345138
-37.86478	144.342476
-37.880449	144.336365
-37.84985	144.328849
-37.902501	144.289152
-37.864921	144.343846
-37.947819	144.42474
-37.903413	144.288738
-37.951074	144.368232
-37.881163	144.336625
-37.962488	144.459104
-37.963115	144.456175
-37.903928	144.289671
-37.881516	144.336868
-37.914264	144.37633
-37.891892	144.377353
-37.948306	144.426583
-37.905465	144.292696
-37.963521	144.454601
-37.889059	144.388137
-37.904969	144.291082
-37.949039	144.426162
-37.965387	144.458557
-37.850236	144.327957
-37.888532	144.387658
-37.86404	144.343125
-37.963268	144.457092
-37.890672	144.388438
-37.90115	144.285909
-37.947466	144.424496
-37.963307	144.461873
-37.890093	144.389776
-37.951228	144.369149
-37.84035	144.346144
-37.943945	144.371774
-37.904912	144.293126
-37.887239	144.376231
-37.888313	144.389012
-37.889	144.377676
-37.863713	144.341974
-37.905067	144.294042
-37.838737	144.345844
-37.838589	144.344701
-37.905632	144.293158
-37.962688	144.45843
-37.964754	144.455569
-37.963081	144.457311
-37.880816	144.336154
-37.881728	144.335741
-37.848796	144.327893
-37.900682	144.289753
-37.903324	144.291918
-37.93276	144.446789
-37.914578	144.377937
-37.903581	144.2892
-37.951833	144.366901
-37.890492	144.38843
-37.890518	144.387522
-37.963361	144.460055
-37.889566	144.376792
-37.900701	144.289072
-37.95178	144.368719
-37.83697	144.344628
-37.966453	144.459062
-37.862987	144.342168
-37.905664	144.292022
-37.885967	144.376628
-37.839123	144.344952
-37.902135	144.289363
-37.891725	144.376891
-37.950386	144.367063
-37.962301	144.459323
-37.964727	144.456478
-37.863501	144.3431
-37.949045	144.425935
-37.946013	144.424883
-37.93256	144.447462
-37.90441	144.291739
-37.862774	144.343295
-37.900384	144.306795
-37.932727	144.447925
-37.945224	144.37115
-37.93292	144.447479
-37.887613	144.388298
-37.903748	144.289663
-37.913757	144.37517
-37.962108	144.459769
-37.900371	144.307249
-37.881343	144.336633
-37.891692	144.378026
-37.888473	144.377197
-37.901324	144.286144
-37.904057	144.291496
-37.913943	144.374951
-37.902681	144.28916
-37.890087	144.390003
-37.863121	144.343765
-37.965533	144.459702
-37.836443	144.344149
-37.946739	144.42469
-37.90549	144.291787
-37.913705	144.376987
-37.836449	144.343923
-37.96556	144.458793
-37.892232	144.378051
-37.962947	144.461856
-37.889233	144.388372
-37.84879	144.328119
-37.836636	144.343704
-37.901273	144.287961
-37.837317	144.345098
-37.888294	144.389693
-37.964247	144.460552
-37.963075	144.457538
-37.965121	144.455358
-37.838956	144.34449
-37.963568	144.459154
-37.888447	144.378105
-37.963828	144.456436
-37.88686	144.376896
-37.888519	144.388112
-37.889733	144.377255
-37.945179	144.422569
-37.836963	144.344855
-37.965947	144.457901
-37.951986	144.367818
-37.964934	144.455577
-37.839817	144.345892
-37.888866	144.388583
-37.889186	144.377457
-37.850416	144.327965
-37.962908	144.457075
-37.901453	144.287969
-37.88974	144.389532
-37.95216	144.368054
-37.890639	144.377069
-37.950347	144.368426
-37.838795	144.343801
-37.946893	144.425607
-37.947926	144.427248
-37.948479	144.426818
-37.889026	144.376768
-37.963154	144.460956
-37.888267	144.378097
-37.914078	144.376549
-37.889746	144.389305
-37.862948	144.34353
-37.839341	144.343599
-37.890812	144.377304
-37.944864	144.371133
-37.903003	144.290539
-37.963534	144.460291
-37.864201	144.343814
-37.902431	144.291651
-37.904192	144.293094
-37.838364	144.346281
-37.903183	144.290547
-37.86496	144.342484
-37.945899	144.422603
-37.888667	144.389256
-37.964294	144.458961
-37.83983	144.345439
-37.887253	144.388282
-37.849497	144.328606
-37.88634	144.37619
-37.881349	144.336406
-37.96632	144.457463
-37.965594	144.457657
-37.864947	144.342938
-37.901311	144.286598
-37.943585	144.371757
-37.961375	144.460189
-37.944691	144.370898
-37.840723	144.345706
-37.964208	144.455771
-37.904288	144.289687
-37.964368	144.456461
-37.964381	144.456006
-37.962095	144.460223
-37.951312	144.366195
-37.888706	144.387894
-37.962954	144.461629
-37.864227	144.342906
-37.889167	144.378138
-37.963701	144.460754
-37.914271	144.376103
-37.887234	144.388963
-37.887394	144.389652
-37.951247	144.368467
-37.947279	144.424715
-37.905439	144.293604
-37.838564	144.345609
-37.964561	144.456015
-37.904552	144.29311
-37.892065	144.377589
-37.963515	144.454828
-37.890645	144.376842
-37.890865	144.387993
-37.864394	144.343368
-37.888886	144.387902
-37.963068	144.457766
-37.961968	144.458397
-37.849728	144.326798
-37.963128	144.45572
-37.88706	144.388727
-37.951067	144.368459
-37.849902	144.327033
-37.887393	144.377148
-37.944806	144.423007
-37.945559	144.421904
-37.901317	144.286371
-37.888113	144.377181
-37.950694	144.368897
-37.902321	144.289144
-37.901626	144.288204
-37.963394	144.458919
-37.947272	144.424942
-37.890067	144.390684
-37.950881	144.368678
-37.903871	144.291715
-37.865313	144.342728
-37.96442	144.460788
-37.961895	144.460897
-37.889707	144.390668
-37.965807	144.456529
-37.964361	144.456688
-37.881375	144.335498
-37.947966	144.425884
-37.965227	144.457867
-37.951447	144.367794
-37.9455	144.423949
-37.901131	144.28659
-37.946233	144.423528
-37.962281	144.460004
-37.903479	144.292834
-37.890692	144.387757
-37.849677	144.328614
-37.863533	144.341965
-37.902772	144.292348
-37.890898	144.386857
-37.945553	144.422132
-37.945038	144.371369
-37.838043	144.344903
-37.947599	144.426095
-37.90342	144.288511
-37.888633	144.377887
-37.962155	144.458178
-37.902719	144.287798
-37.9331	144.447488
-37.914245	144.377012
-37.947759	144.426785
-37.966147	144.457227
-37.950393	144.366835
-37.881542	144.33596
-37.837876	144.344441
-37.890999	144.377085
-37.945006	144.422334
-37.95182	144.367356
-37.943798	144.370629
-37.881503	144.337322
-37.887207	144.389871
-37.963334	144.460964
-37.965153	144.460367
-37.903015	144.290085
-37.913512	144.377433
-37.838802	144.343574
-37.912805	144.376946
-37.888101	144.390139
-37.965953	144.457673
-37.905651	144.292476
-37.901099	144.287725
-37.891879	144.377808
-37.948146	144.425893
-37.838596	144.344474
-37.902797	144.29144
-37.902693	144.288706
-37.963228	144.458456
-37.963248	144.457774
-37.963241	144.458001
-37.963875	144.454845
-37.904789	144.291074
-37.881188	144.335717
-37.887226	144.376685
-37.848745	144.329708
-37.903665	144.292615
-37.961368	144.460417
-37.88796	144.388769
-37.947632	144.424959
-37.848404	144.329011
-37.943984	144.37041
-37.840203	144.345001
-37.86494	144.343165
-37.912978	144.377181
-37.864561	144.34383
-37.83767	144.345341
-37.949641	144.367939
-37.890613	144.377977
-37.913538	144.376525
-37.890878	144.387538
-37.946713	144.425599
-37.838384	144.3456
-37.888879	144.388129
-37.899311	144.306519
-37.903826	144.293305
-37.863494	144.343327
-37.887953	144.376491
-37.962421	144.461376
-37.900526	144.308166
-37.964467	144.459197
-37.90306	144.288495
-37.914604	144.377028
-37.964627	144.459887
-37.899118	144.306966
-37.837156	144.344409
-37.839103	144.345633
-37.863655	144.344016
-37.837497	144.345106
-37.946719	144.425371
-37.96564	144.456066
-37.951594	144.368938
-37.88972	144.377709
-37.903864	144.291942
-37.900391	144.306568
-37.890165	144.387278
-37.901652	144.287295
-37.914258	144.376558
-37.944671	144.37158
-37.963968	144.457808
-37.947099	144.424706
-37.83857	144.345382
-37.899999	144.307687
-37.900532	144.307939
-37.944524	144.370435
-37.900211	144.30656
-37.963688	144.455064
-37.963295	144.456183
-37.889972	144.387724
-37.962614	144.46093
-37.837657	144.345795
-37.840575	144.344563
-37.838731	144.346071
-37.947753	144.427012
-37.904101	144.289906
-37.891719	144.377118
-37.905657	144.292249
-37.887033	144.377131
-37.905825	144.292712
-37.964301	144.458734
-37.88936	144.390197
-37.902378	144.2871
-37.912991	144.376727
-37.905458	144.292923
-37.951126	144.366414
-37.862742	144.34443
-37.90317	144.291001
-37.840177	144.345909
-37.948152	144.425666
-37.863835	144.344025
-37.891352	144.377329
-37.944344	144.370427
-37.946186	144.425119
-37.887734	144.377845
-37.963101	144.456629
-37.945173	144.422797
-37.932907	144.447933
-37.888994	144.390408
-37.881008	144.335708
-37.962634	144.460249
-37.890093	144.377271
-37.889392	144.376557
-37.963181	144.460047
-37.913531	144.376752
-37.886513	144.376425
-37.952147	144.368508
-37.965247	144.457185
-37.90394	144.289216
-37.849105	144.329724
-37.962608	144.461158
-37.904	144.29354
-37.965913	144.459037
-37.903388	144.289647
-37.961962	144.458624
-37.947299	144.424033
-37.962348	144.457732
-37.963574	144.458927
-37.902977	144.291448
-37.96576	144.45812
-37.863379	144.341049
-37.963974	144.45758
-37.892239	144.377824
-37.963961	144.458035
-37.95196	144.368727
-37.93236	144.448135
-37.850037	144.32863
-37.963135	144.455493
-37.890054	144.391138
-37.863179	144.341722
-37.965427	144.457194
-37.83679	144.34462
-37.838004	144.346265
-37.83911	144.345406
-37.903227	144.288957
-37.888513	144.388339
-37.932553	144.447689
-37.951967	144.3685
-37.963034	144.458902
-37.96608	144.4595
-37.863353	144.341957
-37.880636	144.336146
-37.903331	144.291691
-37.904114	144.289452
-37.945726	144.422367
-37.963414	144.458237
-37.903851	144.292396
-37.964121	144.458725
-37.889072	144.387683
-37.889386	144.389289
-37.945392	144.421442
-37.964921	144.456032
-37.948119	144.426802
-37.890632	144.377296
-37.912831	144.376037
-37.965933	144.458355
-37.947626	144.425186
-37.902283	144.290507
-37.964814	144.459668
-37.963707	144.460527
-37.962128	144.459087
-37.902725	144.28757
-37.950573	144.366843
-37.948699	144.425463
-37.887587	144.389206
-37.839502	144.344288
-37.862967	144.342849
-37.889887	144.390676
-37.902463	144.290515
-37.881535	144.336187
-37.964214	144.455544
-37.899825	144.307452
-37.83875	144.34539
-37.962861	144.458666
-37.945513	144.423495
-37.951427	144.368475
-37.888287	144.377416
-37.863693	144.342655
-37.848764	144.329027
-37.948865	144.425926
-37.945526	144.423041
-37.903754	144.289436
-37.913544	144.376297
-37.932753	144.447016
-37.94482	144.422553
-37.838982	144.343583
-37.840903	144.345714
-37.890659	144.388893
-37.83733	144.344644
-37.90418	144.293548
-37.901235	144.289323
-37.8874	144.376921
-37.88972	144.390214
-37.964867	144.45785
-37.900519	144.308393
-37.838011	144.346038
-37.96444	144.460106
-37.888274	144.390375
-37.863552	144.341284
-37.964134	144.458271
-37.950586	144.366389
-37.9333	144.446814
-37.889733	144.38976
-37.947612	144.42564
-37.88097	144.337071
-37.965547	144.459247
-37.902713	144.288025
-37.948172	144.424984
-37.839316	144.344507
-37.962248	144.461141
-37.964454	144.459651
-37.961915	144.460215
-37.913158	144.377189
-37.88902	144.389499
-37.904095	144.290133
-37.899626	144.308125
-37.901061	144.289088
-37.889032	144.376541
-37.902302	144.289826
-37.947972	144.425657
-37.962448	144.460467
-37.88652	144.376198
-37.950861	144.36936
-37.963455	144.456873
-37.964694	144.457614
-37.963761	144.458708
-37.889779	144.38817
-37.849111	144.329497
-37.932913	144.447706
-37.963275	144.456865
-37.95144	144.368021
-37.838602	144.344247
-37.838056	144.34445
-37.901838	144.287076
-37.840389	144.344782
-37.947433	144.425632
-37.849657	144.329295
-37.837889	144.343988
-37.901857	144.286395
-37.963554	144.459609
-37.848771	144.3288
-37.964287	144.459188
-37.913377	144.375835
-37.944678	144.371352
-37.887741	144.390123
-37.943952	144.371547
-37.836269	144.343914
-37.947452	144.42495
-37.961728	144.460434
-37.962075	144.460905
-37.962408	144.461831
-37.90198	144.288447
-37.862755	144.343976
-37.944813	144.42278
-37.93274	144.447471
-37.90173	144.290937
-37.96612	144.458136
-37.905323	144.291325
-37.839149	144.344045
-37.947246	144.425851
-37.966167	144.456545
-37.890525	144.387295
-37.8901	144.389549
-37.963994	144.456899
-37.88688	144.376215
-37.862941	144.343757
-37.837651	144.346022
-37.838782	144.344255
-37.900031	144.306552
-37.965753	144.458347
-37.849137	144.32859
-37.965447	144.456512
-37.945486	144.424404
-37.901216	144.290005
-37.864259	144.341771
-37.950207	144.367054
-37.888293	144.377189
-37.889239	144.388145
-37.902359	144.287782
-37.902173	144.288001
-37.964334	144.457597
-37.840935	144.34458
-37.902276	144.290734
-37.887053	144.37645
-37.849169	144.327455
-37.88846	144.390156
-37.864793	144.342022
-37.950367	144.367744
-37.839682	144.344296
-37.885954	144.377082
-37.966267	144.459281
-37.964907	144.456486
-37.964234	144.461006
-37.945379	144.421896
-37.948299	144.42681
-37.83785	144.345349
-37.96614	144.457455
-37.863366	144.341503
-37.946586	144.423772
-37.966133	144.457682
-37.952333	144.368289
-37.966673	144.457707
-37.903921	144.289898
-37.9448	144.423234
-37.881702	144.336649
-37.863475	144.344008
-37.889753	144.389078
-37.951106	144.367095
-37.8865	144.37688
-37.946059	144.423293
-37.964014	144.456217
-37.899478	144.306982
-37.905259	144.293596
-37.962501	144.458649
-37.948492	144.426364
-37.898951	144.306503
-37.890466	144.389338
-37.901993	144.287993
-37.901434	144.28865
-37.945353	144.422805
-37.943405	144.371749
-37.891166	144.377548
-37.900894	144.288626
-37.902469	144.290288
-37.901286	144.287506
-37.88898	144.378357
-37.948113	144.427029
-37.864272	144.341317
-37.88778	144.38876
-37.888346	144.387877
-37.913904	144.376314
-37.881169	144.336398
-37.881175	144.336171
-37.899433	144.308572
-37.900018	144.307006
-37.863488	144.343554
-37.915125	144.377734
-37.864015	144.344033
-37.888333	144.388331
-37.965047	144.457858
-37.904256	144.290822
-37.964034	144.455535
-37.966	144.456082
-37.944986	144.423016
-37.889572	144.376565
-37.889206	144.389281
-37.902109	144.290272
-37.913371	144.376062
-37.963194	144.459592
-37.887593	144.376475
-37.90191	144.290945
-37.912798	144.377173
-37.963448	144.457101
-37.963354	144.460282
-37.901684	144.28616
-37.964087	144.459862
-37.945546	144.422359
-37.838448	144.343331
-37.962875	144.458212
-37.903555	144.290109
-37.899632	144.307898
-37.840569	144.34479
-37.889913	144.389768
-37.86476	144.343157
-37.904777	144.291528
-37.946046	144.423747
-37.947792	144.425649
-37.902488	144.289607
-37.891513	144.378018
-37.963721	144.460072
-37.951113	144.366868
-37.905298	144.292233
-37.889167	144.390643
-37.839296	144.345187
-37.965727	144.459256
-37.963614	144.457564
-37.963948	144.45849
-37.888166	144.387869
-37.914765	144.377718
-37.848803	144.327666
-37.96502	144.458768
-37.900539	144.307711
-37.901749	144.290256
-37.946899	144.42538
-37.838975	144.34381
-37.962441	144.460695
-37.864433	144.342006
-37.966707	144.456571
-37.945313	144.424168
-37.962461	144.460013
-37.837998	144.346492
-37.952173	144.367599
-37.900359	144.307703
-37.881683	144.33733
-37.946913	144.424925
-37.964874	144.457623
-37.964914	144.456259
-37.903189	144.29032
-37.864973	144.342031
-37.902456	144.290742
-37.848584	144.329019
-37.840222	144.34432
-37.905253	144.293823
-37.837837	144.345803
-37.889759	144.388851
-37.900695	144.289299
-37.963501	144.461427
-37.841443	144.345739
-37.850043	144.328403
-37.849895	144.32726
-37.887747	144.377391
-37.950174	144.368191
-37.840537	144.345925
-37.9654	144.458103
-37.904802	144.290619
-37.932567	144.447235
-37.963734	144.459617
-37.96648	144.458153
-37.901055	144.289315
-37.961548	144.460425
-37.887747	144.389896
-37.905471	144.292468
-37.864214	144.34336
-37.966153	144.457
-37.951293	144.366876
-37.901904	144.291172
-37.888133	144.3765
-37.887793	144.388306
-37.887927	144.389904
-37.904745	144.292663
-37.887387	144.377375
-37.863147	144.342857
-37.950766	144.366397
-37.88868	144.388802
-37.840929	144.344807
-37.88812	144.376954
-37.90389	144.291033
-37.888814	144.390399
-37.949847	144.367038
-37.903233	144.28873
-37.83715	144.344636
-37.899273	144.307882
-37.899465	144.307436
-37.904546	144.293337
-37.902264	144.291188
-37.864446	144.341552
-37.8881	144.377635
-37.838255	144.343777
-37.947579	144.426777
-37.963907	144.459853
-37.948666	144.4266
-37.839136	144.344498
-37.964174	144.456907
-37.887966	144.388542
-37.863154	144.34263
-37.964547	144.456469
-37.903839	144.29285
-37.901336	144.285689
-37.950514	144.368889
-37.945859	144.423966
-37.964161	144.457362
-37.946246	144.423074
-37.962934	144.462311
-37.964568	144.455788
-37.962675	144.458885
-37.865159	144.341812
-37.905452	144.29315
-37.901106	144.287498
-37.963468	144.456419
-37.964107	144.45918
-37.962481	144.459331
-37.901942	144.28981
-37.948106	144.427256
-37.951395	144.369612
-37.950946	144.366405
-37.946053	144.42352
-37.863726	144.34152
-37.963341	144.460737
-37.902141	144.289136
-37.837477	144.345787
-37.88115	144.337079
-37.944151	144.370873
-37.963341	144.454592
-37.943991	144.370183
-37.849195	144.326547
-37.962888	144.457757
-37.904944	144.29199
-37.946733	144.424917
-37.95018	144.367963
-37.889939	144.38886
-37.950714	144.368215
-37.914951	144.377499
-37.88812	144.389458
-37.947606	144.425868
-37.904739	144.292891
-37.890679	144.388211
-37.900919	144.287717
-37.889932	144.376582
-37.947939	144.426793
-37.961555	144.460198
-37.966307	144.457918
-37.963141	144.46141
-37.881696	144.336876
-37.902475	144.290061
-37.881722	144.335968
-37.96578	144.457438
-37.963141	144.455266
-37.890825	144.37685
-37.962308	144.459095
-37.889373	144.377238
-37.945713	144.422822
-37.914778	144.377264
-37.904436	144.29083
-37.91393	144.375405
-37.903369	144.290328
-37.913878	144.377222
-37.902854	144.289395
-37.94568	144.423958
-37.901563	144.290475
-37.849336	144.327917
-37.841089	144.345496
-37.963874	144.46099
-37.902899	144.287806
-37.948872	144.425699
-37.88704	144.376904
-37.838815	144.343121
-37.945686	144.423731
-37.864985	144.341577
-37.964228	144.455089
-37.949467	144.367703
-37.965081	144.456722
-37.863899	144.341755
-37.886873	144.376442
-37.904243	144.291277
-37.839689	144.344069
-37.8644	144.343141
-37.9661	144.458818
-37.838429	144.344012
-37.962921	144.456621
-37.88774	144.377618
-37.965614	144.456975
-37.849182	144.327001
-37.838223	144.344912
-37.838943	144.344944
-37.965101	144.45604
-37.891899	144.377126
-37.946573	144.424227
-37.902334	144.28869
-37.963674	144.461663
-37.836623	144.344158
-37.948512	144.425682
-37.889341	144.390878
-37.904199	144.292867
-37.951093	144.36755
-37.903028	144.289631
-37.9646	144.460796
-37.905484	144.292014
-37.946946	144.423789
-37.962994	144.460265
-37.904353	144.293783
-37.951061	144.368686
-37.891526	144.377564
-37.965893	144.459719
-37.88956	144.389524
-37.901247	144.288869
-37.889727	144.389987
-37.943785	144.371084
-37.963261	144.457319
-37.848565	144.3297
-37.840922	144.345034
-37.945146	144.423706
-37.965054	144.457631
-37.890332	144.387741
-37.912632	144.376711
-37.965407	144.457875
-37.946539	144.425363
-37.863288	144.344227
-37.963588	144.458473
-37.890473	144.389111
-37.888653	144.38971
-37.837349	144.343963
-37.900012	144.307233
-37.90016	144.308377
-37.904533	144.293791
-37.952179	144.367372
-37.889	144.390181
-37.904082	144.290587
-37.905118	144.292225
-37.902971	144.291675
-37.963408	144.458464
-37.901935	144.290037
-37.86388	144.342436
-37.944626	144.422999
-37.963581	144.4587
-37.890158	144.387505
-37.881143	144.337306
-37.889573	144.38907
-37.838088	144.343315
-37.904237	144.291504
-37.849008	144.326766
-37.913525	144.376979
-37.904281	144.289914
-37.947239	144.426078
-37.849548	144.32679
-37.86422	144.343133
-37.887054	144.388954
-37.840042	144.344312
-37.961568	144.459743
-37.902611	144.291659
-37.96498	144.460131
-37.837336	144.344417
-37.838397	144.345147
-37.904931	144.292444
-37.962061	144.46136
-37.913891	144.376768
-37.891078	144.386866
-37.899812	144.307906
-37.904275	144.290141
-37.901601	144.289112
-37.890486	144.388657
-37.838262	144.34355
-37.892078	144.377135
-37.903883	144.291261
-37.890272	144.377279
-37.848603	144.328338
-37.839283	144.345641
-37.889913	144.377263
-37.945846	144.424421
-37.84019	144.345455
-37.88882	144.377668
-37.881336	144.33686
-37.94534	144.423259
-37.890279	144.377052
-37.933113	144.447033
-37.949287	144.367695
-37.962328	144.458414
-37.96524	144.457412
-37.900005	144.30746
-37.8998	144.308361
-37.839823	144.345666
-37.900545	144.307484
-37.839836	144.345212
-37.902513	144.288698
-37.94584	144.424648
-37.848809	144.327439
-37.881876	144.336884
-37.964527	144.457151
-37.901556	144.290702
-37.903022	144.289858
-37.945206	144.421661
-37.913731	144.376079
-37.88133	144.337087
-37.903318	144.292145
-37.901986	144.28822
-37.904919	144.292899
-37.864747	144.343611
-37.88079	144.337063
-37.902983	144.29122
-37.95164	144.367347
-37.837857	144.345122
-37.889007	144.389954
-37.888146	144.38855
-37.889213	144.389054
-37.965107	144.455813
-37.901504	144.286152
-37.905092	144.293134
-37.947619	144.425413
-37.900346	144.308158
-37.848231	144.328776
-37.888326	144.388558
-37.903716	144.290798
-37.903877	144.291488
-37.914284	144.375649
-37.96562	144.456747
-37.962295	144.45955
-37.913917	144.37586
-37.964807	144.459895
-37.890626	144.377523
-37.890126	144.388641
-37.8867	144.376207
-37.849304	144.329052
-37.90506	144.294269
-37.962748	144.456385
-37.887419	144.37624
-37.837163	144.344182
-37.862928	144.344211
-37.888833	144.377214
-37.964768	144.455114
-37.945218	144.371377
-37.904906	144.293353
-37.965747	144.458574
-37.946039	144.423975
-37.839142	144.344271
-37.889553	144.377247
-37.849098	144.329951
-37.839489	144.344742
-37.962901	144.457303
-37.964061	144.460771
-37.943978	144.370638
-37.951306	144.366422
-37.889786	144.387943
-37.904038	144.292177
-37.966087	144.459273
-37.962695	144.458203
-37.838628	144.343339
-37.902732	144.287343
-37.962855	144.458893
-37.864034	144.343352
-37.863719	144.341747
-37.96618	144.456091
-37.864079	144.341763
-37.848944	144.329035
-37.963914	144.459626
-37.900699	144.308401
-37.899844	144.306771
-37.964054	144.460998
-37.9018	144.288439
-37.963174	144.460274
-37.888892	144.387675
-37.914585	144.37771
-37.903312	144.292372
-37.943971	144.370865
-37.965187	144.459231
-37.849522	144.327698
-37.888634	144.390391
-37.88828	144.377643
-37.887921	144.390131
-37.945706	144.423049
-37.890293	144.389103
-37.888126	144.376727
-37.84897	144.328128
-37.963527	144.460518
-37.944498	144.371344
-37.887406	144.376694
-37.881709	144.336422
-37.912638	144.376483
-37.901383	144.290467
-37.905099	144.292907
-37.963221	144.458683
-37.963881	144.454618
-37.947646	144.424504
-37.904887	144.294034
-37.904423	144.291285
-37.887593	144.388979
-37.964941	144.45535
-37.839309	144.344733
-37.837484	144.34556
-37.914431	144.376793
-37.914938	144.377953
-37.965294	144.455594
-37.863108	144.344219
-37.904597	144.29152
-37.933086	144.447942
-37.95054	144.36798
-37.912619	144.377165
-37.887567	144.389887
-37.849664	144.329068
-37.848629	144.327431
-37.888114	144.389685
-37.951273	144.367558
-37.889592	144.388389
-37.943598	144.371303
-37.963028	144.459129
-37.850229	144.328184
-37.962721	144.457294
-37.965027	144.45854
-37.950952	144.366178
-37.891339	144.377783
-37.83731	144.345325
-37.905837	144.292257
-37.913391	144.375381
-37.903722	144.290571
-37.963368	144.459828
-37.839322	144.34428
-37.962981	144.46072
-37.962362	144.457277
-37.964847	144.458532
-37.840228	144.344093
-37.837362	144.343509
-37.962788	144.461166
-37.888307	144.389239
-37.838075	144.343769
-37.914071	144.376776
-37.945057	144.370687
-37.965814	144.456301
-37.892052	144.378043
-37.903163	144.291228
-37.965167	144.459912
-37.839496	144.344515
-37.88758	144.389433
-37.913518	144.377206
-37.863134	144.343311
-37.914277	144.375876
-37.947439	144.425405
-37.8897	144.390895
-37.886667	144.377342
-37.849124	144.329043
-37.888627	144.378114
-37.913698	144.377214
-37.902012	144.287311
-37.902829	144.290304
-37.904186	144.293321
-37.850422	144.327738
-37.946006	144.425111
-37.86316	144.342403
-37.839329	144.344053
-37.84089	144.346168
-37.965254	144.456958
-37.904616	144.290838
-37.903993	144.293767
-37.902655	144.290069
-37.900932	144.287263
-37.914232	144.377466
-37.889546	144.377474
-37.932747	144.447244
-37.864799	144.341795
-37.903125	144.292591
-37.964008	144.456444
-37.963014	144.459584
-37.890112	144.37659
-37.902166	144.288228
-37.951048	144.369141
-37.90488	144.294261
-37.864086	144.341536
-37.948132	144.426347
-37.849484	144.32906
-37.848815	144.327212
-37.951601	144.368711
-37.890312	144.388422
-37.838422	144.344239
-37.902552	144.287335
-37.902257	144.291415
-37.962335	144.458186
-37.890705	144.387303
-37.964054	144.454853
-37.963741	144.45939
-37.964494	144.458288
-37.880983	144.336617
-37.839862	144.344304
-37.864407	144.342914
-37.96484	144.458759
-37.902295	144.290053
-37.904269	144.290368
-37.841629	144.34552
-37.840742	144.345025
-37.962255	144.460913
-37.944697	144.370671
-37.962948	144.455712
-37.96598	144.456764
-37.838268	144.343323
-37.8883	144.389466
-37.901967	144.288901
-37.964541	144.456697
-37.949225	144.425943
-37.913924	144.375632
-37.902867	144.288941
-37.965114	144.455586
-37.890872	144.387766
-37.864587	144.342922
-37.964114	144.458953
-37.88792	144.377627
-37.836983	144.344174
-37.914411	144.377474
-37.890106	144.376817
-37.965634	144.456293
-37.947126	144.423798
-37.945031	144.371596
-37.901118	144.287044
-37.904732	144.293118
-37.962895	144.45753
-37.963428	144.457782
-37.865107	144.343628
-37.96536	144.459466
-37.889979	144.387497
-37.863514	144.342646
-37.8653	144.343182
-37.964201	144.455998
-37.914225	144.377693
-37.947066	144.425843
-37.963281	144.456638
-37.836957	144.345081
-37.903832	144.293078
-37.841462	144.345058
-37.904584	144.291974
-37.890459	144.389565
-37.838062	144.344223
-37.945025	144.371823
-37.965347	144.459921
-37.963421	144.45801
-37.9502	144.367282
-37.963848	144.455754
-37.83713	144.345317
-37.637444	143.612323
-37.653076	143.598137
-37.677642	143.58743
-37.178028	144.292353
-37.971006	144.445165
-37.971339	144.446091
-37.489991	144.386517
-37.273962	143.389053
-37.099873	143.278037
-37.965887	144.447656
-37.086113	143.740621
-37.521448	144.370294
-37.9585	143.592023
-37.179058	144.294199
-37.882493	144.327819
-37.968853	144.444836
-37.296602	143.36563
-37.486888	144.240296
-37.060131	144.009315
-37.047536	143.355175
-37.012173	143.967195
-37.158659	144.282506
-37.685556	143.37408
-37.157951	144.288554
-37.954361	144.360417
-37.684145	143.381519
-37.336558	143.491257
-37.683632	143.380142
-37.274074	143.39244
-37.914332	144.430008
-37.058213	144.006766
-37.968	144.443203
-37.116388	143.290911
-37.046662	143.353799
-37.033488	143.740526
-37.775398	143.76634
-37.036437	143.73771
-37.953313	144.359232
-37.828444	144.282678
-37.061245	144.00801
-37.685087	143.902211
-37.958438	143.602947
-37.051347	143.993229
-37.268945	144.391011
-37.102755	143.278123
-37.794071	144.242099
-37.412626	144.093182
-37.059474	144.006816
-37.82845	144.282451
-37.653276	143.597237
-37.642929	143.39652
-37.95456	144.359744
-37.957719	143.594727
-37.117685	143.298377
-37.058359	144.008121
-37.272688	143.38969
-37.672336	143.631685
-37.638099	143.615292
-37.183151	144.276585
-37.677967	143.589028
-37.784632	144.290046
-37.457134	144.18815
-37.338629	143.373043
-37.158484	144.288803
-37.968866	144.444382
-37.272638	143.392169
-37.049924	143.992498
-37.012511	143.968107
-37.048793	143.355439
-37.905353	144.283821
-37.894668	144.412269
-37.643118	143.396073
-37.765927	144.3017
-37.671631	143.63098
-37.502598	144.361529
-37.685755	143.373179
-37.296053	143.366064
-37.470195	144.385623
-37.271386	143.391678
-37.273529	143.392648
-37.519636	144.370665
-37.957098	143.598347
-37.677637	143.587656
-37.059439	144.008164
-37.766814	144.302194
-37.456588	144.188352
-37.685367	143.374527
-37.683397	143.382855
-37.157088	144.287166
-37.048617	143.355208
-37.684792	143.385168
-37.282463	144.409659
-37.026863	143.985074
-37.891282	144.410975
-37.032486	143.737118
-37.506659	143.658204
-37.034245	143.73898
-37.643031	143.400377
-37.949457	144.41799
-37.8953	144.409115
-37.087204	143.740211
-37.256155	144.378263
-37.289968	144.393083
-37.684019	143.378793
-37.958819	143.60205
-37.058534	144.008353
-37.458201	144.188647
-37.685255	143.371122
-37.958355	143.590425
-37.510926	143.644781
-37.681901	143.385529
-37.906284	144.282726
-37.959044	143.600009
-37.521255	144.370737
-37.446278	144.149491
-37.178158	144.29416
-37.783	144.290428
-37.906085	144.283399
-37.685608	143.380431
-37.30119	144.391332
-37.33539	143.443592
-37.684088	143.375394
-37.33681	143.373888
-37.6399	143.615355
-37.784086	144.290249
-37.95956	143.592971
-37.034652	143.736971
-37.058668	144.010157
-37.684625	143.899018
-37.301585	143.341644
-37.78568	144.291228
-37.518022	144.370366
-37.267473	144.392072
-37.312034	143.500376
-37.320885	143.403854
-37.058928	144.007019
-37.639004	143.615097
-37.892629	144.414221
-37.047088	143.368653
-37.528891	144.343026
-37.505312	143.662002
-37.957228	143.600628
-37.654127	143.599534
-37.052473	143.991474
-37.973273	144.496484
-37.300991	144.391999
-37.269112	144.391469
-37.686352	143.379321
-37.490164	144.386751
-37.653216	143.599955
-37.446458	144.149499
-37.653977	143.598168
-37.892034	144.409873
-37.660665	143.605429
-37.100118	143.274669
-37.061943	144.008937
-37.051961	143.99033
-37.895201	144.412521
-37.95903	143.592497
-37.489997	144.386291
-37.296183	143.368549
-37.685155	143.376108
-37.032671	143.7369
-37.320114	143.406312
-37.394892	144.040503
-37.957533	143.603142
-37.492805	144.388906
-37.865937	144.333437
-37.913772	144.430664
-37.296017	143.367867
-37.272868	143.389695
-37.305623	143.453683
-37.782577	144.292679
-37.511841	143.644135
-37.766433	144.296502
-37.956998	143.602896
-37.653957	143.599074
-37.685104	143.901531
-37.3093	144.109471
-37.510086	143.642037
-37.915238	144.429823
-37.505744	143.65885
-37.141069	143.678218
-37.049975	143.990477
-37.505089	144.456184
-37.68475	143.901291
-37.172431	144.247072
-37.542974	144.316499
-37.637424	143.613229
-37.450742	144.347451
-37.047023	143.35381
-37.304109	143.448445
-37.895853	144.408685
-37.66066	143.605656
-37.255583	144.379365
-37.302623	144.391622
-37.957413	143.600407
-37.518042	144.369688
-37.160316	144.281227
-37.914645	144.431614
-37.894946	144.408871
-37.637739	143.615279
-37.766094	144.302162
-37.678347	143.588134
-37.46313	144.245825
-37.27194	143.391019
-37.273732	143.391527
-37.9689	144.443245
-37.894914	144.410006
-37.653281	143.597011
-37.116529	143.292941
-37.087538	143.741348
-37.510456	143.641597
-37.266219	144.39179
-37.94977	144.419597
-37.03299	143.73871
-37.487763	144.241238
-37.509011	143.641773
-37.336307	143.494634
-37.948897	144.418646
-37.907146	144.284129
-37.957028	143.601531
-37.891115	144.410513
-37.051162	143.993446
-37.922421	144.509993
-37.677987	143.588122
-37.895526	144.407533
-37.27316	143.393088
-37.17758	144.295486
-37.774955	144.294611
-37.311257	143.503057
-37.488601	144.390977
-37.060402	144.005728
-37.796269	144.240832
-37.440985	143.956937
-37.486863	144.241199
-37.177289	144.292997
-37.456707	144.190618
-37.411599	144.091107
-37.90784	144.285069
-37.049964	143.990926
-37.295819	143.368763
-37.116516	143.293616
-37.503717	143.660814
-37.783906	144.290241
-37.784588	144.291633
-37.259202	144.372538
-37.335977	143.441353
-37.686867	143.371627
-37.68414	143.381745
-37.06016	144.008192
-37.036242	143.738377
-37.637979	143.612568
-37.447994	144.152728
-37.395618	144.040307
-37.697574	144.07075
-37.33884	143.442349
-37.287529	143.508587
-37.68595	143.38135
-37.256181	144.377363
-37.948757	144.417275
-37.767993	143.72066
-37.683729	143.384227
-37.286695	143.505401
-37.010598	143.965336
-37.95884	143.592946
-37.051359	143.99278
-37.100413	143.278053
-37.035346	143.73812
-37.395635	144.03963
-37.274332	143.388614
-37.785141	144.291204
-37.892228	144.409427
-37.027229	143.984864
-37.41172	144.093371
-37.291941	144.393397
-37.493226	144.374225
-37.336838	143.486526
-37.336791	143.488782
-37.141393	143.679805
-37.274804	143.392012
-37.012668	143.969012
-37.892135	144.412606
-37.794816	144.241223
-37.447658	144.15181
-37.681365	143.385285
-37.010941	143.966023
-37.50949	143.644504
-37.906382	144.285687
-37.034775	143.739448
-37.395107	144.039157
-37.906111	144.282491
-37.895866	144.408231
-37.895912	144.406642
-37.445162	144.150801
-37.957164	143.595391
-37.099877	143.277812
-37.754391	144.288932
-37.905372	144.28314
-37.970286	144.445131
-37.90462	144.284244
-37.301852	144.393392
-37.450034	144.143772
-37.274363	143.387036
-37.177251	144.294346
-37.765958	144.300567
-37.651849	143.620988
-37.786709	144.29309
-37.957734	143.594045
-37.296737	143.36789
-37.0355	143.73925
-37.973066	144.497384
-37.441728	143.956062
-37.771729	143.761436
-37.026351	143.98393
-37.510956	143.643425
-37.504458	143.659936
-37.89602	144.409148
-37.010969	143.964901
-37.445516	144.151042
-37.95294	144.35967
-37.487596	144.240779
-37.684464	143.38357
-37.489804	144.386735
-37.684053	143.386051
-37.287378	143.507228
-37.010412	143.965553
-37.894602	144.414539
-37.489255	144.349171
-37.973986	144.496745
-37.828084	144.282662
-37.651349	143.619157
-37.336402	143.490123
-37.256007	144.377129
-37.491973	144.373942
-37.050138	143.991158
-37.507199	143.658223
-37.272444	143.392839
-37.338823	143.372372
-37.957449	143.598815
-37.520201	144.369785
-37.337729	143.373014
-37.256335	144.378271
-37.259921	144.37257
-37.055073	143.347762
-37.449506	144.143298
-37.652931	143.596545
-37.785102	144.292564
-37.949957	144.419378
-37.685763	143.904051
-37.767167	144.302436
-37.320982	143.407919
-37.100058	143.277817
-37.643839	143.396096
-37.772656	143.760335
-37.487995	144.349115
-37.30482	143.448919
-37.892522	144.411715
-37.76682	144.301967
-37.052609	143.344762
-37.521623	144.357859
-37.903115	144.280083
-37.075742	143.36887
-37.771581	143.760068
-37.52945	144.342372
-37.06056	144.006634
-37.86683	144.333705
-37.458381	144.188655
-37.957933	143.601336
-37.766473	144.301498
-37.775054	143.765646
-37.521442	144.37052
-37.505708	143.660433
-37.921562	144.508588
-37.683627	143.380368
-37.051415	143.990533
-37.77453	143.764946
-37.076323	143.366863
-37.142319	143.678712
-37.011622	143.967623
-37.77371	143.76151
-37.087914	143.740686
-37.671441	143.631426
-37.673052	143.631937
-37.115478	143.291333
-37.051798	143.989649
-37.284302	144.408389
-37.893728	144.413589
-37.530581	144.340612
-37.053141	143.345229
-37.269825	144.391727
-37.651525	143.61939
-37.775282	143.763611
-37.892682	144.412404
-37.046843	143.353804
-37.320077	143.408116
-37.457854	144.18818
-37.449464	144.144879
-37.33576	143.443152
-37.685832	143.369326
-37.669886	143.628424
-37.457991	144.189768
-37.90289	144.281665
-37.894933	144.409325
-37.784626	144.290273
-37.304612	143.450266
-37.319384	143.40674
-37.767092	143.720627
-37.410136	144.09195
-37.958159	143.599295
-37.05192	143.343167
-37.796436	144.241294
-37.9593	143.596604
-37.304617	143.450041
-37.891835	144.410546
-37.393957	144.041821
-37.282489	144.408758
-37.026025	143.982569
-37.765753	144.301466
-37.033926	143.73717
-37.160484	144.281684
-37.686858	143.37208
-37.678352	143.587908
-37.259214	144.372088
-37.33612	143.443164
-37.952214	144.359864
-37.796802	144.241083
-37.337108	143.490824
-37.053281	143.347257
-37.772667	143.759881
-37.671066	143.632093
-37.011954	143.968759
-37.638059	143.617103
-37.892989	144.414237
-37.274475	143.390423
-37.142088	143.680955
-37.470755	144.38497
-37.677792	143.588795
-37.394671	144.042075
-37.142329	143.678262
-37.335404	143.442915
-37.141799	143.677793
-37.069108	143.339872
-37.89526	144.410477
-37.012651	143.969686
-37.491738	144.388405
-37.893634	144.410629
-37.057944	143.339304
-37.300874	143.341171
-37.052789	143.344768
-37.670391	143.630029
-37.256361	144.377371
-37.290328	144.393099
-37.010389	143.966451
-37.470176	144.3863
-37.060334	144.008424
-37.183324	144.276818
-37.685704	143.375672
-37.52161	144.358311
-37.864108	144.378584
-37.895754	144.412091
-37.681947	143.383262
-37.674502	143.631535
-37.489595	144.349865
-37.773201	143.760128
-37.281731	144.410076
-37.922995	144.508883
-37.659749	143.606077
-37.905211	144.282451
-37.915232	144.43005
-37.057698	143.277899
-37.445138	144.151704
-37.947857	144.417233
-37.907133	144.284583
-37.488175	144.349123
-37.011762	143.969201
-37.89368	144.40904
-37.44746	144.152479
-37.507468	143.662305
-37.677607	143.589016
-37.034013	143.741219
-37.787461	144.291988
-37.638334	143.612807
-37.06982	143.340344
-37.766246	144.296721
-37.283396	144.408573
-37.773312	143.763084
-37.272836	143.391273
-37.505789	144.456895
-37.904112	144.283084
-37.68469	143.381309
-37.973107	144.49602
-37.441913	143.955843
-37.444256	144.150989
-37.338256	143.373708
-37.904523	144.281283
-37.958108	143.601569
-37.264747	144.392851
-37.776135	143.765687
-37.319744	143.406751
-37.027099	143.982836
-37.764256	144.303442
-37.057342	143.277664
-37.491925	144.388187
-37.269092	144.392145
-37.050858	143.991186
-37.511646	143.644807
-37.046298	143.354012
-37.656452	143.592134
-37.061054	144.008452
-37.172611	144.24708
-37.010226	143.965771
-37.172779	144.247537
-37.772444	143.761689
-37.395258	144.040292
-37.652385	143.621233
-37.959164	143.602745
-37.685613	143.380205
-37.643612	143.398356
-37.950163	144.418478
-37.178133	144.29506
-37.456432	144.187442
-37.684828	143.898119
-37.686742	143.368902
-37.672352	143.631005
-37.639565	143.61421
-37.891302	144.410294
-37.139557	143.567402
-37.95937	143.59342
-37.670921	143.630501
-37.27399	143.387701
-37.79535	144.241474
-37.652901	143.597904
-37.075418	143.36706
-37.490142	144.349663
-37.035722	143.737459
-37.637409	143.613908
-37.781317	144.292623
-37.637789	143.613015
-37.797175	144.240645
-37.765713	144.29647
-37.273958	143.389279
-37.637534	143.616405
-37.957168	143.603357
-37.100105	143.275343
-37.959354	143.602296
-37.952381	144.360327
-37.958909	143.597956
-37.670721	143.631401
-37.521429	144.370971
-37.274407	143.393804
-37.696002	144.06887
-37.321065	143.403859
-37.921735	144.508823
-37.683226	143.382396
-37.520728	144.370261
-37.100663	143.27446
-37.270005	144.391735
-37.304294	143.448225
-37.509345	143.642916
-37.786002	144.292604
-37.507473	143.662079
-37.271593	143.390332
-37.653111	143.596551
-37.012516	143.967882
-37.906123	144.282036
-37.336971	143.488788
-37.058365	144.007896
-37.072908	143.35731
-37.68481	143.384261
-37.906477	144.28228
-37.895427	144.410939
-37.958499	143.600217
-37.304816	143.449145
-37.06048	144.009779
-37.047897	143.355186
-37.796809	144.240856
-37.892842	144.413094
-37.95851	143.591569
-37.521075	144.370729
-37.265294	144.39265
-37.952953	144.359215
-37.775976	143.764772
-37.655017	143.591858
-37.046002	143.368844
-37.772291	143.760549
-37.774247	144.294125
-37.957424	143.591758
-37.44608	144.150161
-37.639215	143.613745
-37.891769	144.412817
-37.906587	144.284786
-37.505275	144.455967
-37.957008	143.602441
-37.957738	143.602011
-37.970439	144.446049
-37.506794	143.660245
-37.686153	143.380222
-37.906562	144.285695
-37.864262	144.3795
-37.412476	144.092047
-37.335694	143.44631
-37.774415	144.294587
-37.084967	143.284565
-37.3041	143.448896
-37.504582	143.662429
-37.010204	143.966669
-37.296719	143.368792
-37.953981	144.361083
-37.266733	144.392715
-37.156914	144.286933
-37.321199	143.40612
-37.922961	144.510019
-37.684296	143.37404
-37.139372	143.567621
-37.504833	143.659271
-37.656817	143.59192
-37.076134	143.367307
-37.684491	143.38221
-37.684264	143.375626
-37.684489	143.373366
-37.785655	144.292135
-37.766132	144.300801
-37.050594	143.355494
-37.302231	144.392732
-37.782024	144.293109
-37.895679	144.40845
-37.463658	144.2463
-37.051719	143.992794
-37.269484	144.391035
-37.117887	143.297258
-37.110842	143.344082
-37.0526	143.345212
-37.09986	143.278711
-37.892849	144.412867
-37.685853	143.377264
-37.957989	143.598834
-37.540482	144.403963
-37.959054	143.599554
-37.338251	143.373934
-37.958929	143.597046
-37.284296	144.408614
-37.269131	144.390793
-37.780224	144.293029
-37.051916	143.992127
-37.075242	143.36683
-37.682699	143.381699
-37.530588	144.340386
-37.894973	144.407963
-37.95921	143.592504
-37.465675	144.245031
-37.913746	144.431573
-37.319532	143.408324
-37.160968	144.283732
-37.509295	143.645176
-37.772285	143.760775
-37.864076	144.379719
-37.291935	144.393622
-37.335921	143.44406
-37.958335	143.591335
-37.905668	144.285427
-37.958304	143.600893
-37.282643	144.409667
-37.504607	143.661298
-37.085169	143.283446
-37.68528	143.378834
-37.051213	143.991425
-37.892868	144.412185
-37.966434	144.447454
-37.685475	143.901092
-37.683162	143.385569
-37.457692	144.187495
-37.772275	143.761229
-37.336629	143.487873
-37.115654	143.291564
-37.892695	144.41195
-37.678337	143.588588
-37.273331	143.393544
-37.639339	143.616242
-37.172965	144.24732
-37.160478	144.281909
-37.411936	144.092024
-37.035294	143.740366
-37.504252	143.66106
-37.449692	144.14308
-37.681586	143.383251
-37.905365	144.283367
-37.489854	144.39126
-37.972934	144.495785
-37.485802	144.240475
-37.139562	143.681091
-37.652746	143.596765
-37.035897	143.73769
-37.336885	143.48427
-37.683659	143.378782
-37.957469	143.589711
-37.011869	143.964936
-37.031956	143.736649
-37.27479	143.392688
-37.642874	143.399238
-37.684154	143.381065
-37.047808	143.368675
-37.684286	143.374493
-37.321439	143.403194
-37.522509	144.37102
-37.296575	143.366982
-37.678182	143.587448
-37.686156	143.371151
-37.011751	143.96965
-37.957403	143.600862
-37.33637	143.439786
-37.507493	143.661175
-37.505934	143.658405
-37.031729	143.738664
-37.011639	143.966949
-37.410519	144.091063
-37.957598	143.600186
-37.050234	143.355483
-37.914345	144.429554
-37.06132	144.00509
-37.116366	143.292035
-37.672392	143.629193
-37.891481	144.410302
-37.301239	143.340956
-37.411971	144.09067
-37.775266	143.764292
-37.509465	143.645635
-37.672567	143.629426
-37.958078	143.602934
-37.052096	143.343397
-37.505739	143.659076
-37.784743	144.292548
-37.40995	144.092169
-37.684934	143.378142
-37.77407	143.761523
-37.286487	143.506748
-37.957289	143.589705
-37.075391	143.368409
-37.335339	143.446073
-37.305134	143.451186
-37.087178	143.741335
-37.33662	143.488325
-37.032264	143.738908
-37.458232	144.187518
-37.50948	143.644956
-37.684831	143.374284
-37.782814	144.290646
-37.671672	143.629167
-37.974193	144.495844
-37.672037	143.628953
-37.047361	143.354945
-37.071846	143.356377
-37.271913	143.392371
-37.335713	143.445408
-37.894606	144.408173
-37.301717	144.391806
-37.521609	144.37098
-37.270185	144.391743
-37.08302	143.282707
-37.394764	144.038465
-37.089872	143.263787
-37.393771	144.042039
-37.892649	144.41354
-37.320091	143.407439
-37.053321	143.345234
-37.506778	143.660923
-37.492692	144.373975
-37.504967	143.661311
-37.44695	144.151328
-37.50983	143.645421
-37.895333	144.407979
-37.510751	143.644549
-37.088963	143.26421
-37.958064	143.595422
-37.684551	143.379264
-37.638784	143.616902
-37.273917	143.391307
-37.412848	144.09161
-37.957393	143.601316
-37.183306	144.277493
-37.295661	143.367631
-37.059382	144.01041
-37.273629	143.38769
-37.968533	144.443456
-37.508671	143.640856
-37.959209	143.600698
-37.049513	143.355461
-37.683881	143.376748
-37.507025	143.657991
-37.18392	144.274816
-37.904343	144.281275
-37.685146	143.376561
-37.44932	144.143516
-37.446086	144.149935
-37.682925	143.379439
-37.957439	143.591076
-37.671651	143.630074
-37.958469	143.601582
-37.685846	143.368646
-37.025507	143.98165
-37.915732	144.431438
-37.032424	143.739813
-37.335409	143.442689
-37.411192	144.092897
-37.046916	143.368198
-37.913559	144.431791
-37.685775	143.381117
-37.033175	143.738492
-37.957979	143.591095
-37.772651	143.760562
-37.509916	143.641578
-37.054186	143.34706
-37.904889	144.281072
-37.089143	143.264216
-37.033577	143.736708
-37.274106	143.390862
-37.914479	144.431152
-37.509726	143.642024
-37.33708	143.4836
-37.058708	144.008584
-37.766037	144.304202
-37.292474	144.393646
-37.685285	143.378607
-37.686051	143.376364
-37.142139	143.678706
-37.683789	143.38128
-37.336328	143.441816
-37.683903	143.375615
-37.286652	143.50743
-37.412668	144.091603
-37.69704	144.070501
-37.394526	144.040714
-37.06182	144.006684
-37.059305	144.006359
-37.035696	143.738582
-37.78372	144.29046
-37.683526	143.385354
-37.684357	143.379938
-37.076318	143.367088
-37.637399	143.614361
-37.172568	144.248654
-37.291755	144.393614
-37.785519	144.290539
-37.469829	144.385832
-37.508706	143.639273
-37.393225	144.042243
-37.412092	144.092935
-37.958219	143.596566
-37.505018	143.659051
-37.867383	144.333275
-37.272439	143.393065
-37.467469	144.245334
-37.0904	143.264478
-37.685494	143.386097
-37.272863	143.389921
-37.117188	143.296112
-37.182772	144.277244
-37.116173	143.292705
-37.273714	143.392429
-37.774731	143.764045
-37.914852	144.430714
-37.271215	143.391222
-37.77389	143.761516
-37.11812	143.294564
-37.958859	143.60023
-37.011757	143.969426
-37.506438	143.660006
-37.311636	143.502167
-37.268392	144.391437
-37.68305	143.382164
-37.686274	143.383174
-37.773694	143.76219
-37.508676	143.64063
-37.100585	143.278508
-37.775321	144.2944
-37.63991	143.614902
-37.957433	143.599497
-37.683743	143.383547
-37.032455	143.738466
-37.505414	143.657481
-37.30297	144.392088
-37.271935	143.391245
-37.685714	143.375219
-37.450802	144.141996
-37.488001	144.348889
-37.895387	144.412302
-37.084435	143.284099
-37.683221	143.382623
-37.949944	144.419833
-37.032851	143.736906
-37.046543	143.368861
-37.541714	144.316443
-37.639144	143.616915
-37.784601	144.29118
-37.111198	143.344318
-37.304584	143.451619
-37.906091	144.283172
-37.641479	143.396927
-37.641645	143.397612
-37.157952	144.282025
-37.011475	143.966269
-37.892149	144.412152
-37.895126	144.408879
-37.172059	144.247506
-37.784948	144.291649
-37.296201	143.367647
-37.774874	143.76564
-37.032063	143.7398
-37.457433	144.190423
-37.905037	144.282216
-37.141053	143.678892
-37.657168	143.592386
-37.68546	143.378839
-37.958554	143.597716
-37.100049	143.278267
-37.683723	143.375609
-37.336461	143.444078
-37.970819	144.445384
-37.03441	143.73966
-37.033674	143.740308
-37.96852	144.44391
-37.896094	144.412789
-37.393806	144.040685
-37.468393	144.24447
-37.297369	143.416867
-37.311252	143.503283
-37.177605	144.294587
-37.893595	144.411992
-37.683618	143.380821
-37.286866	143.505858
-37.779871	144.292786
-37.913392	144.431329
-37.059811	144.007729
-37.685075	143.371116
-37.952227	144.35941
-37.464204	144.246098
-37.256194	144.376912
-37.638319	143.613487
-37.099693	143.278031
-37.957279	143.59016
-37.032614	143.739371
-37.178629	144.296658
-37.336616	143.374559
-37.783919	144.289787
-37.177668	144.292337
-37.011971	143.968086
-37.410711	144.090619
-37.512001	143.645045
-37.339021	143.371475
-37.506763	143.661601
-37.292095	144.394306
-37.904491	144.282419
-37.944381	144.356549
-37.504633	143.660168
-37.011616	143.967847
-37.683623	143.380595
-37.943828	144.356979
-37.412523	144.090241
-37.77211	143.760542
-37.511296	143.644342
-37.957514	143.595858
-37.639514	143.616475
-37.904851	144.282435
-37.971199	144.444719
-37.337194	143.486763
-37.274188	143.386805
-37.670081	143.627751
-37.485635	144.240015
-37.509906	143.64203
-37.142078	143.681405
-37.685323	143.899952
-37.026244	143.981004
-37.89404	144.409056
-37.958769	143.59613
-37.338819	143.372597
-37.395054	144.041187
-37.053199	143.991278
-37.445156	144.151026
-37.395426	144.040751
-37.893748	144.412908
-37.321457	143.402292
-37.686398	143.377055
-37.272827	143.391724
-37.529457	144.342146
-37.448966	144.143276
-37.66201	143.609784
-37.505682	143.661563
-37.904626	144.284017
-37.892256	144.414658
-37.827743	144.281966
-37.68419	143.379252
-37.086844	143.740198
-37.894747	144.409544
-37.685894	143.375225
-37.660259	143.607455
-37.048599	143.356107
-37.771576	143.760295
-37.505168	143.660414
-37.051753	143.991446
-37.677997	143.587669
-37.074337	143.367026
-37.639334	143.616468
-37.335252	143.441556
-37.653451	143.59747
-37.394584	144.038458
-37.031786	143.736194
-37.462752	144.246487
-37.88248	144.328273
-37.116396	143.290461
-37.488901	144.348929
-37.765579	144.301231
-37.922295	144.508168
-37.684879	143.380862
-37.541376	144.40423
-37.117729	143.296128
-37.947164	144.416291
-37.08846	143.740481
-37.051882	143.993475
-37.505718	143.659981
-37.271967	143.389667
-37.508896	143.638828
-37.177965	144.294602
-37.301858	144.393166
-37.508744	143.645609
-37.913586	144.430883
-37.046025	143.367721
-37.265673	144.391991
-37.958764	143.596357
-37.337051	143.484953
-37.011037	143.969398
-37.266373	144.392699
-37.660285	143.606323
-37.335996	143.440451
-37.256541	144.377379
-37.058905	144.007918
-37.296459	143.417289
-37.949784	144.419143
-37.959555	143.593199
-37.336291	143.443621
-37.172946	144.247995
-37.337222	143.493988
-37.046732	143.368417
-37.336106	143.443841
-37.469257	144.386937
-37.394485	144.042294
-37.682478	143.383733
-37.545659	144.310734
-37.33648	143.443175
-37.915179	144.431867
-37.320866	143.404756
-37.141718	143.681392
-37.282368	144.406723
-37.409967	144.091492
-37.487416	144.240771
-37.906786	144.284113
-37.2723	143.391031
-37.903585	144.282606
-37.521969	144.370996
-37.296742	143.367664
-37.305503	143.450746
-37.684773	143.386074
-37.764301	144.301855
-37.053993	143.347729
-37.958694	143.599541
-37.905062	144.281307
-37.394689	144.041398
-37.054875	143.348655
-37.46891	144.386469
-37.670381	143.630482
-37.950124	144.419841
-37.470202	144.385397
-37.520902	144.370495
-37.66168	143.608412
-37.255622	144.378014
-37.505394	143.658386
-37.891582	144.413035
-37.677656	143.58675
-37.673617	143.630823
-37.320433	143.408353
-37.100238	143.277823
-37.68246	143.384639
-37.695996	144.069097
-37.46673	144.245981
-37.466389	144.245288
-37.673412	143.63195
-37.05285	143.990815
-37.034461	143.737414
-37.072386	143.356394
-37.681776	143.382803
-37.686003	143.369785
-37.178685	144.294634
-37.510555	143.645221
-37.303703	144.39167
-37.958829	143.601595
-37.301203	144.390881
-37.490309	144.350123
-37.643303	143.395852
-37.895673	144.408677
-37.892375	144.410571
-37.957304	143.597216
-37.011138	143.965357
-37.101499	143.27786
-37.922407	144.510448
-37.774614	144.293915
-37.031426	143.736181
-37.266753	144.392039
-37.891729	144.414179
-37.157772	144.282017
-37.141589	143.679136
-37.77095	143.709644
-37.922088	144.509068
-37.523595	144.370843
-37.336648	143.486971
-37.506522	144.456477
-37.057922	143.340428
-37.10258	143.277893
-37.012539	143.966984
-37.506865	143.65708
-37.913739	144.4318
-37.959254	143.598651
-37.957708	143.603376
-37.05805	143.278359
-37.949591	144.419589
-37.266727	144.39294
-37.411407	144.091551
-37.508716	143.638821
-37.116203	143.29113
-37.394305	144.042286
-37.958299	143.592927
-37.894802	144.413866
-37.469299	144.244283
-37.304727	143.453429
-37.053663	143.346144
-37.66063	143.607015
-37.338094	143.3728
-37.173083	144.249577
-37.685205	143.373615
-37.336753	143.490586
-37.336735	143.439572
-37.671147	143.628469
-37.049878	143.355247
-37.157982	144.28743
-37.255628	144.377789
-37.054015	143.346605
-37.036236	143.738602
-37.529637	144.342154
-37.049698	143.355242
-37.058045	144.00631
-37.03496	143.73923
-37.959344	143.602751
-37.057878	143.277905
-37.764455	144.30277
-37.764976	144.303474
-37.685318	143.900179
-37.139557	143.681316
-37.032259	143.739133
-37.457811	144.189761
-37.444634	144.150327
-37.788175	144.292247
-37.051967	143.990105
-37.101494	143.278085
-37.304986	143.449601
-37.672032	143.62918
-37.160658	144.281917
-37.686863	143.371854
-37.287358	143.50813
-37.77426	144.293672
-37.058458	143.340669
-37.784433	144.290718
-37.444622	144.150778
-37.767515	144.302906
-37.670271	143.627304
-37.026885	143.984176
-37.765759	144.301239
-37.894174	144.410654
-37.684975	143.376102
-37.497727	144.291426
-37.273426	143.388811
-37.652731	143.597445
-37.046556	143.368187
-37.773535	143.761276
-37.394921	144.039375
-37.893208	144.412883
-37.412499	144.091144
-37.684432	143.385156
-37.410147	144.091499
-37.025867	143.981664
-37.686623	143.374794
-37.058388	144.006998
-37.786369	144.292393
-37.767098	143.720401
-37.958835	143.593173
-37.059619	144.008171
-37.336111	143.443615
-37.505518	143.660878
-37.047452	143.36844
-37.651169	143.619151
-37.892895	144.411277
-37.076305	143.367763
-37.059962	144.008859
-37.26476	144.392401
-37.508711	143.639047
-37.076143	143.366858
-37.100761	143.278738
-37.033859	143.74009
-37.2562	144.376687
-37.893948	144.412235
-37.17312	144.248228
-37.457085	144.189956
-37.061134	144.005307
-37.448174	144.152735
-37.470369	144.385856
-37.272975	143.393307
-37.052754	143.346566
-37.032233	143.740256
-37.414096	144.092113
-37.085758	143.740384
-37.012151	143.968093
-37.273857	143.394237
-37.115645	143.292014
-37.050475	143.99207
-37.268192	144.392104
-37.893274	144.410613
-37.786201	144.291932
-37.026216	143.982127
-37.487403	144.241223
-37.062129	144.00872
-37.059771	144.009301
-37.036056	143.738595
-37.895905	144.406869
-37.053817	143.347498
-37.505158	143.660866
-37.157207	144.282894
-37.060031	144.006163
-37.637819	143.611656
-37.054024	143.346155
-37.051207	143.991649
-37.141223	143.679349
-37.291208	144.393815
-37.076147	143.366633
-37.770871	143.759588
-37.892655	144.413312
-37.902784	144.291894
-37.255821	144.377347
-37.895546	144.406852
-37.052444	143.992597
-37.957103	143.59812
-37.905687	144.284746
-37.545826	144.311194
-37.522688	144.371028
-37.467109	144.245319
-37.971365	144.445182
